d <- 3 + 4;
e <- 4 + 8 / 2 % 7;
d <- e + 5;
